-0.496713
-3.11239
-0.10679
-0.930877
0.424603
0.960903
0.486071
0.554223
2.22661
1.52114
0.127114
0.780615
0.00141787
-2.23477
-0.745395
-1.01468
1.40621
-2.10915
-3.55205
2.66189
-1.80534
0.00141787
2.89502
-0.595793
-1.21994
0.00141787
0.00141787
-0.181083
1.40753
0.624118
1.98528
-0.268657
0.768633
-0.723087
0.00141787
0.00141787
2.32838
0.00141787
2.75349
1.22298
3.07411
0.936935
0.00141787
0.119473
0.236244
-1.14975
-0.669701
0.282413
0.149091
1.0072
0.00141787
1.73588
1.43438
1.22865
-0.248116
-0.0968241
-0.297171
1.49159
-0.131445
2.83096
-0.676613
0.994087
1.23216
-0.242371
0.903007
-0.943957
1.57769
0.182695
0.329012
1.70723
0.778319
-0.904385
1.64189
-0.133293
1.25964
0.00141787
0.503007
-1.05673
0.00141787
0.593148
0.00141787
0.00141787
0.190303
-0.0892752
0.413868
0.217117
-1.81677
0.0808717
-1.7633
1.38762
0.00141787
0.00141787
1.58224
0.780352
0.00141787
0.341017
0.00141787
1.96223
-0.12689
-0.959782
0.774978
-0.976176
0.964627
0.00141787
0.822886
0.983088
0.789376
-0.894008
-0.913438
0.939024
-0.613047
0.937606
1.41585
0.000628671
-0.829763
1.36386
0.448426
-0.472048
-1.07071
0.00141787
-0.0808511
0.345826
0.00141787
0.00141787
0.281367
0.00141787
0.00141787
0.264833
0.00141787
0.218296
0.00141787
0.533545
0.5843
0.581826
-0.0594272
-0.577342
-0.113802
0.642578
0.215979
0.588327
-0.110951
0.0941326
1.17686
0.326574
0.559802
2.39033
2.32764
0.294993
0.404195
-1.06938
-1.3118
1.05488
-0.827819
0.302687
-3.4619
2.50782
-2.76976
0.610529
1.23563
2.05909
-1.45972
-2.57408
-0.56388
-1.32835
-1.33966
1.19638
0.510052
0.612415
0.570112
1.37915
-2.58503
-0.746234
0.00141787
0.00141787
-2.74276
1.85924
0.624217
1.58247
0.00141787
0.00141787
-2.60368
0.458592
-0.816569
-1.36985
0.00141787
-0.528432
0.00141787
0.492634
1.85333
-3.00642
2.20339
1.43532
0.00141787
0.00141787
0.220545
1.10665
2.59148
-2.87439
-2.00866
-2.38651
0.00141787
1.58787
-0.247579
-0.549944
-1.74944
-0.36052
1.76805
0.393939
1.7386
0.00141787
-1.34267
1.04665
1.32745
0.666041
0.00141787
0.00141787
0.00141787
-0.43673
0.688517
-0.678865
-1.23187
0.971572
1.52019
0.00141787
-0.616441
-1.27027
-1.05499
-1.15464
-1.00651
0.00141787
0.00943966
2.12173
-0.296004
-0.366362
0.743772
-1.17227
-0.348209
2.29057
0.54905
0.151209
-0.188352
2.08095
-0.268365
-2.5379
-0.652996
-1.54215
0.304286
-1.01736
1.75336
0.00141787
-1.10738
0.309464
1.99739
-1.1473
-1.11646
1.37607
0.00141787
0.252715
1.92353
-0.495967
-0.734978
0.00141787
1.49473
0.00141787
1.99515
0.00141787
1.49287
-0.11643
0.00141787
0.0893575
-0.570993
-1.2946
0.646143
-0.58385
-0.888275
-0.313433
0.212596
1.27919
-0.431296
-0.617746
-1.79451
0.295289
0.00141787
1.71661
0.170268
3.40469
-2.73362
-2.02248
0.676045
-3.05023
1.39259
0.115425
0.00141787
0.816429
-0.350139
-0.169859
-1.04938
-0.511093
0.859357
-0.323177
0.0327952
-1.03756
-0.655681
-0.560483
0.861562
0.403472
-0.0224056
0.331586
0.00141787
2.16776
0.707343
0.52777
-1.31096
-1.73063
0.797092
0.0926853
-0.669576
-0.0980212
-2.63803
0.00141787
2.23456
0.995494
0.904245
-0.531609
2.22713
0.52928
1.43206
2.33172
0.222065
2.32118
-1.41028
-1.59632
0.00141787
0.00141787
4.25578
-0.493257
0.091576
0.524154
0.937376
2.21787
2.25529
0.82024
-1.32079
-0.222275
-0.364112
-2.19612
0.100245
-0.520371
0.00141787
-0.684264
1.69542
1.04594
-2.14956
1.17849
0.00141787
1.58619
0.0141747
0.883811
-0.601003
-0.769246
0.0958586
0.896358
-0.505534
-0.141551
-2.57543
0.19276
1.21845
0.459394
-1.70743
-0.831809
-1.08732
-0.799905
0.74848
0.141729
0.00141787
-1.0038
-0.452212
-0.407945
-0.717767
-1.17473
0.954766
0.814859
-0.932701
0.00141787
-0.559572
0.00984104
0.00141787
1.39147
0.00141787
-0.0574048
1.00545
1.2468
1.11972
-0.610489
0.00141787
1.28127
0.336913
0.404594
-3.26977
4.02465
0.227166
1.11172
0.00141787
1.79006
-0.0178236
0.866866
-1.06676
-0.226978
0.00141787
-1.72417
0.00141787
0.177761
1.30787
1.53009
4.81321
2.86821
0.00141787
1.96906
0.976577
2.86133
-0.455981
0.00141787
-0.232924
-1.65244
1.1313
0.00141787
0.00141787
1.36587
-0.740714
1.191
-1.72433
0.359424
1.51785
0.00141787
-0.91963
-0.0529325
-0.925917
1.38236
0.714544
0.00141787
-0.901578
0.00141787
-0.382902
0.853924
0.432614
0.583437
0.624237
-0.012876
-1.58317
-1.47827
-3.78728
-0.820418
-0.705162
-0.707564
-0.287245
0.720117
0.940009
-1.37391
0.00141787
0.466205
0.548775
-0.415105
-0.43642
0.00141787
-0.315211
0.421038
-0.500113
0.537778
0.00141787
0.00141787
0.716366
0.733437
-0.217156
0.103392
0.0325393
0.229967
0.0191549
0.734841
-0.973381
1.24125
-1.10583
-1.06792
1.21921
2.89186
2.75465
0.00141787
0.483845
1.49325
-0.130863
0.00141787
0.00141787
0.00141787
0.00141787
-0.20466
-1.24593
0.0333148
0.00141787
1.9487
3.24545
1.77749
1.09461
-1.08823
2.57596
2.21689
-0.0926562
0.718979
-0.510787
1.64452
0.0337612
-2.58174
-3.54564
2.63641
0.00141787
0.17305
3.46303
-0.521886
1.71587
-1.54895
-1.7468
0.00141787
0.00141787
0.102615
0.508704
1.57949
0.104568
0.855098
0.394551
1.44483
0.654943
-0.530056
-0.506064
2.20538
-1.54109
2.04482
0.00141787
0.38074
0.673273
-1.02655
0.00141787
0.00141787
1.07013
-0.203308
-1.07354
2.14296
0.00141787
-0.200361
-0.42204
-0.636289
-2.00542
-0.0944813
0.00141787
0.430041
1.17998
0.847182
-0.257339
-1.73633
0.823504
-1.44561
2.39208
-0.148315
1.31536
0.139656
0.968704
-2.58986
2.19194
-1.78465
1.89375
2.36658
0.795298
0.100905
-0.491035
0.00141787
-0.823889
0.53514
1.53423
1.00965
-0.252218
-0.00685678
-0.154634
-0.200107
0.576731
-0.193235
-2.4147
-1.8357
0.00141787
0.725349
0.00141787
0.683163
0.363955
0.557257
-2.16181
2.05028
0.300708
-0.371715
0.85409
-0.349109
0.525296
0.536984
0.4752
-0.19525
-0.246798
0.786182
-1.24347
-1.65608
-0.774312
-0.314855
0.00141787
0.432164
-0.26216
-1.19056
0.803403
0.708591
-0.653756
0.378087
-0.994849
0.00141787
0.00141787
1.28362
1.16322
-0.576577
-0.634524
0.383452
-0.614041
0.722859
0.348323
-0.342546
-1.11953
0.825645
1.66212
0.00141787
0.00141787
-0.393525
0.0222006
-1.39578
0.415854
0.564398
-1.21669
0.00141787
0.141318
2.29052
2.00696
0.00141787
0.525147
-0.445255
0.525056
-1.35783
1.16599
-0.802313
1.0713
3.10656
0.553704
-5.48487
0.809308
-1.1571
-2.08696
1.30853
1.01047
0.00141787
0.360529
0.00141787
3.14239
1.19154
0.104267
-0.374825
-1.23699
2.6268
-1.93601
-0.495092
1.51242
1.10837
0.33903
1.56159
-0.672607
1.13799
-1.54179
0.00141787
1.29774
1.34708
0.00141787
1.25016
0.731746
1.13128
-0.0106358
0.265024
0.15537
0.00141787
-0.201911
-0.518747
0.00141787
1.45288
0.00141787
2.06619
-1.32087
0.00141787
2.45353
-1.1932
-0.858537
-1.44454
1.68493
-1.0145
-0.634626
1.30845
1.54482
0.00141787
0.00141787
0.522986
0.883473
0.0529762
0.104348
0.443276
-0.0748655
2.14052
0.911152
0.125704
3.31253
-0.630755
-1.86552
-2.34606
0.568483
0.00141787
0.00141787
-0.835186
-0.125539
0.777722
1.49957
0.00141787
2.29715
2.45277
-2.48161
2.51169
-0.821569
-4.13183
2.98746
0.188849
-0.592686
-1.36147
0.00141787
-0.420018
-0.756253
-0.970564
3.13273
-0.969603
0.00141787
-0.058149
-0.551097
0.00141787
0.192082
1.75234
0.00141787
-0.521405
-0.164897
-0.219754
0.385723
1.62333
-1.81936
0.636153
-1.46213
-0.999077
0.647324
0.00141787
-0.87833
-0.586212
-0.616455
-0.34558
0.893151
1.29779
2.19228
0.61702
1.47784
-0.671401
1.23448
0.446811
1.81701
0.41623
0.00141787
-0.262932
-0.507112
0.199669
-1.54013
0.00141787
0.657778
-0.969346
0.908306
-1.00193
0.937933
-0.540215
0.00141787
0.873171
-2.10998
-1.68331
0.504613
1.50717
0.00141787
-2.05408
0.0132282
1.3514
2.83072
-3.70662
-0.0195745
-0.948619
0.042557
0.291709
2.23517
0.00141787
0.00141787
0.788708
-0.706536
-0.072266
-0.311287
2.14761
2.48504
0.714517
1.62726
1.56206
1.77748
0.280818
0.466729
1.48164
0.0126327
1.44593
0.00141787
-0.0389674
-0.709496
0.00141787
0.00141787
0.00141787
1.32355
1.01784
1.97762
1.2557
0.627101
0.409616
-0.557212
2.29307
-1.12284
0.0677325
1.7771
1.95505
0.455607
3.33149
-2.36263
0.00635824
0.395017
1.23127
-0.86514
1.54442
0.00141787
0.00141787
4.88319
-2.55199
0.00141787
0.861495
1.01899
-2.51577
1.11364
-0.168772
0.00141787
0.764238
1.25253
0.516048
0.939786
0.343841
0.00141787
-0.119924
-0.550829
0.485789
1.3604
0.857604
-0.837148
1.86129
3.4443
0.0627395
-0.697692
0.00141787
2.05251
1.64332
-0.636596
0.00141787
0.00141787
0.00141787
0.00141787
0.00141787
1.27541
1.70373
0.00141787
0.781935
1.24651
0.245741
-0.566007
0.579741
2.37815
0.789755
0.080128
-0.0641849
1.30743
-0.676278
-1.27955
0.439632
0.962172
-1.02255
2.28172
0.00141787
-0.688495
1.43057
-1.28549
0.00141787
0.532831
-0.204445
-2.56055
0.38982
-1.93624
1.05968
0.00141787
0.0589182
0.00141787
1.37974
-0.452253
0.00141787
0.00141787
0.00141787
0.726147
-1.95063
1.20482
0.00141787
0.524506
0.00141787
0.00141787
0.00141787
1.55588
1.14504
-0.137748
1.80458
0.00141787
-0.632419
0.00141787
-0.48404
1.22897
0.00141787
-0.695617
-1.28299
0.00141787
-0.405845
1.65305
0.310967
-0.889705
0.703055
0.729903
-0.0377337
-1.08182
0.313774
1.51348
0.00141787
1.69401
0.00141787
-0.571249
0.00141787
0.0545003
0.0264763
0.587019
0.00141787
-0.662656
0.972436
-0.673762
0.0288196
0.190051
-1.50363
0.00141787
1.13594
-0.413956
0.00141787
-0.206331
0.00141787
1.71335
0.00141787
0.374159
2.15207
0.646147
-0.264964
1.64862
2.18027
1.36156
2.44316
1.07961
3.39519
2.33092
-0.0663065
-0.38598
1.08159
0.123414
1.34937
0.00141787
-1.01493
-0.00964666
-0.00538387
0.0157236
-0.638347
-0.598059
1.63427
0.00141787
2.65018
0.00141787
0.975468
0.754169
-0.0934838
-0.726757
0.208736
-0.900783
-2.98468
0.00141787
0.09997
0.00141787
0.00141787
-0.215692
0.05751
1.83356
0.057439
2.44937
1.7261
-0.755041
0.232172
0.00141787
0.719136
0.550115
0.00141787
-1.81703
0.00141787
0.00141787
1.07434
2.14534
4.48601
2.89937
2.64071
1.52137
0.207959
0.986809
1.57154
1.65719
0.00141787
0.00141787
0.544405
1.11783
-0.905379
-0.268261
0.10626
-2.62597
-0.99857
0.00141787
1.65598
-1.7758
0.570337
0.690572
0.467331
-0.290431
0.81849
1.64406
2.68771
1.71352
0.00141787
0.00141787
0.00141787
0.803108
1.28575
2.41398
2.16578
-0.513863
0.342545
0.00141787
0.00141787
-0.493279
-0.0107152
0.452321
-1.89417
2.31446
1.63078
0.979572
0.0548174
-0.106369
0.386441
-1.43604
-1.28846
1.31709
0.00141787
0.00141787
0.00141787
0.00141787
0.00141787
-0.334703
-1.36468
0.732824
-1.93348
1.68987
1.16573
1.07586
0.0097673
2.15803
0.325418
1.01883
0.1205
2.63593
0.00141787
-0.602974
0.154377
0.00141787
1.68049
1.02451
-0.269876
-1.13047
2.99638
-0.455728
-1.74686
0.00141787
0.380837
-0.877244
2.3058
0.00141787
-0.845993
0.363954
0.185019
-0.101792
-0.382451
-2.21857
-1.49334
-0.165047
1.24045
2.02507
0.00141787
-0.587033
0.401854
2.17736
-0.249355
1.70544
0.729429
1.02917
1.28606
-0.0694582
-0.0529682
0.0199418
1.75767
0.00141787
0.292907
-0.686227
0.0547849
0.00141787
0.455447
0.937217
-0.292359
-0.682693
2.32526
1.92528
0.5139
0.591327
0.00141787
0.00141787
0.00141787
-0.771883
-1.56894
0.00141787
0.124152
0.0477273
-0.149613
-0.415673
0.122169
0.0631798
-1.95649
0.69708
0.00141787
5.6798
-3.90398
2.06948
2.02702
1.51883
-0.0446455
0.89697
-0.932787
-0.833803
1.41537
0.418767
0.00141787
1.95153
-2.29219
3.24961
0.727562
0.880628
-1.2793
0.00141787
0.592683
-0.492373
0.123592
0.00141787
-0.191122
-0.150292
0.00141787
-1.02335
-0.238592
0.00141787
-0.331848
-0.761283
0.271207
0.0603524
0.319314
0.00141787
-0.194455
-1.71546
-0.0481096
0.275054
0.163432
0.00141787
1.3364
0.380083
0.770536
0.00141787
0.553487
1.69298
2.83495
0.524224
0.771831
0.548601
0.814781
0.139337
-0.958537
0.377642
2.28902
-0.183093
1.39142
0.132813
0.00141787
0.00141787
0.235945
0.677985
0.926351
-0.534227
0.223245
-0.703564
-0.929581
0.00141787
0.00141787
-2.69504
0.173846
0.805616
0.341683
-0.100415
-0.246037
0.530366
-0.332085
0.00141787
0.64337
-1.13253
0.449316
0.532181
0.552973
1.10203
0.158723
0.427675
4.10637
0.00141787
0.00141787
-1.16862
0.141844
1.66315
1.21262
1.92594
-0.380121
0.310506
2.12214
1.41569
0.546222
-0.29905
0.402665
-0.516026
1.20426
0.839035
0.00141787
-0.256111
1.97592
-0.298883
0.994817
-0.222991
-1.04659
0.0860687
0.199794
-1.10434
-0.66043
-0.773073
-0.101294
2.38206
0.00141787
0.00141787
0.00141787
2.91683
0.504289
1.9421
1.3091
-0.559224
0.156474
-0.0670071
1.27635
0.00141787
0.0769252
0.360244
0.00141787
0.861692
-0.70712
-0.777633
-1.17694
-1.72938
0.913197
0.00141787
1.08303
-0.552147
3.10608
1.10449
0.00141787
