1.96137
0
0.692701
0.995963
1.97207
2.43563
3.20075
1.74856
0
0.622419
0
2.31738
2.10603
0
1.66774
2.40025
0
3.41569
2.5124
4.01697
1.38697
1.48441
2.81204
3.14215
0
1.72988
0.938481
1.54175
0.417983
1.27836
2.65567
2.89153
-0.646659
0.986079
1.40345
1.27735
2.09588
1.40139
1.68829
2.08238
1.28737
2.16069
2.42733
3.78715
1.03308
0
-1.11842
4.55262
2.6716
2.27347
1.71464
1.71844
2.94023
3.44455
0
2.94101
1.19598
1.6437
1.6562
0.712891
3.11008
2.71096
2.88977
-0.654727
4.52161
1.32731
1.83118
0
0
2.59137
4.92654
2.25055
1.96014
-0.40558
3.3315
3.15873
0.676649
-0.411192
2.52409
2.36788
0.372309
1.50397
2.831
-0.747374
1.12071
-0.456444
4.87122
4.01405
-0.740485
0
0
0
2.26026
1.91021
3.03187
0
4.44681
2.9062
-0.889843
1.58523
2.00038
1.53052
2.20786
0.824406
1.89282
2.07443
1.61722
0
2.23361
5.0554
-0.732734
3.70972
1.4522
1.91118
0.527768
0.263862
1.85525
0.304097
0.436104
1.63579
0
0.970737
0
2.27352
0.302494
2.10633
2.80155
0.786369
1.47799
2.84841
3.21975
1.44254
2.41755
1.89756
3.23569
2.37592
3.01409
-0.60229
-1.16252
1.43512
0.802971
-0.263566
2.24005
2.61091
-0.527702
1.79309
3.45938
1.01533
-0.83534
0
2.52213
3.16264
1.04567
-0.328003
1.28181
1.90123
2.16849
2.42174
1.32008
1.08738
0
0
2.95502
2.90351
2.7432
0
2.10775
-0.605714
1.40818
4.688
-0.512811
3.12559
1.64425
2.72635
3.41054
3.32521
1.58761
1.36201
2.42543
1.97108
3.31449
3.19362
0
0
1.79665
0
1.11935
1.97441
0
-0.201293
1.37344
0.963416
0
1.93838
0
2.50254
4.76615
2.25175
2.16284
1.49146
3.06635
-0.712871
0
3.02346
0
0
0.918661
2.4585
1.3068
2.44338
-0.425743
0.700914
4.32536
-0.514744
1.93972
4.19907
3.24517
-0.763108
3.6727
2.52907
2.301
3.66432
-0.715585
1.85157
2.88789
1.38028
0
-0.752875
-0.225861
2.06333
1.13582
4.05961
2.06266
3.63155
1.0448
3.72636
1.21752
0
1.36962
4.77422
2.99193
2.5879
-0.788085
-0.386931
0.768657
1.46037
1.55072
1.47674
0
-0.22066
1.29423
3.77163
0.552001
0
1.36222
1.93476
-0.463903
0
2.57042
3.20738
2.1089
1.09367
1.33769
2.87635
2.60076
0
1.7673
0
1.62001
0
1.54812
0.856848
2.60938
-0.441642
1.05746
1.52154
1.95722
1.82754
-0.866238
0.524908
1.75933
2.66052
1.93186
0
-1.11868
1.80626
0
1.59019
0
0.809898
2.04338
3.03044
0.97734
1.99389
2.11566
2.85053
3.40751
3.02548
2.57661
4.01405
4.10322
2.24558
2.59864
3.20985
3.00563
-0.296448
2.80805
1.07745
1.70791
0
1.52841
0.687426
3.72519
1.04626
1.73864
0
2.53939
2.49602
2.76066
2.63611
0.634454
1.00827
2.65929
3.98372
2.03695
2.84506
1.8696
1.91328
1.61151
1.79251
2.81488
-0.392625
2.90581
1.72881
0
2.84336
3.03731
0.406174
2.59587
2.19148
1.38231
2.83191
-0.873594
4.8506
-0.453576
3.51366
1.66413
2.91788
2.39574
2.63051
-0.678491
-0.236547
1.69844
2.88985
1.60462
0.47361
-0.469377
1.24652
0.575976
3.13557
-0.869144
2.89346
-0.41243
3.24268
1.2131
2.56326
-0.350771
-1.00801
2.21129
-0.786122
2.6464
-0.863966
1.25373
2.56826
1.45184
-1.13292
1.7199
0.564903
-1.05312
2.67659
4.35523
4.0318
0
2.56667
0
0
2.10094
1.84838
1.45858
2.20056
0
2.71536
1.76933
2.00707
1.73938
1.50152
4.40576
0
0.256446
0
2.10223
1.99243
3.65539
0.0309614
1.20346
1.37688
4.03046
0
3.78036
3.1628
3.02607
0
3.31608
1.53599
1.38057
2.85037
2.81557
4.20232
1.6467
1.56626
1.57156
0
0
1.443
0
1.02656
2.33592
2.58872
-0.53543
1.397
2.00176
0
0
1.36001
2.48584
1.76702
2.3267
0.760622
1.32148
1.4613
-0.700756
2.73798
-0.296771
1.91799
0.626301
1.47812
1.95471
-0.283804
2.19946
1.13322
0.926218
0
-0.625715
1.29633
-0.320989
2.56916
2.62057
0.882508
1.75305
-0.702196
2.78806
0.933199
0
-0.996846
2.16633
1.98036
1.07849
1.16539
2.31891
3.20717
3.20941
2.1938
2.54344
-0.769209
3.07164
-0.49524
2.87838
1.8572
1.58916
-0.620858
1.04524
-0.486691
2.10824
1.25469
0.73766
1.86606
1.66196
1.71473
0.790467
2.22445
1.98805
1.20884
2.1067
0
0
0
2.86512
1.6943
1.95492
-0.233654
0
3.55234
3.71263
3.51834
0.916521
2.42029
2.8405
0
3.08026
2.72634
2.97664
4.65907
1.55619
1.96923
2.95467
0.572161
2.42653
0
0
0
1.05997
3.56867
1.32259
0.728729
-0.580749
0.552112
3.49559
-1.2698
2.31838
-0.939044
-0.549998
2.72475
1.39499
1.6408
1.88791
1.65962
0.453031
1.28623
2.98921
0
2.05071
2.12292
1.57387
2.39828
2.24925
2.25587
0.842791
1.44887
3.65708
2.00247
1.97399
2.27863
1.84479
2.25317
3.42011
2.63045
1.83355
1.18459
-0.772112
2.53523
1.90943
0
0.157352
-0.336682
2.68561
2.23751
-0.750198
0
3.38626
3.60329
4.46437
1.51115
0.972186
3.54899
2.5397
0.621246
0.706495
0
-0.904121
2.78343
3.00481
3.29326
3.62274
3.60718
0.916814
1.70251
0.695983
-0.890033
2.67851
-0.298424
-0.623806
-0.821135
0.963613
4.2494
0
3.18538
0
0
0.567008
2.1552
2.161
2.26407
2.62045
0
0
3.35156
4.37603
0
0
0
1.77677
0
2.37847
1.78557
1.98222
1.91292
1.49354
2.48696
3.0218
1.88787
2.5003
0.480171
2.86215
1.84581
0
1.32953
1.23163
3.07901
2.40991
2.22247
1.01599
1.84214
2.3298
-0.384794
-0.162049
1.60815
2.29993
2.23529
-0.395993
4.46735
4.87794
2.14046
2.45629
2.74678
1.77573
4.02163
2.3792
1.72914
0.813694
-0.182906
1.9097
0.62089
1.26269
2.65744
2.00108
3.22168
3.20116
-1.04815
2.20793
2.9758
0
2.9063
2.66197
0.653055
0.519711
2.40647
0
0
0
2.53995
2.18319
0
0
0
0
-0.745577
1.66671
-1.04339
3.49305
1.79592
-0.352598
1.34045
2.20193
0
1.70858
2.64746
2.35339
0
2.14552
1.92192
3.30212
2.03929
1.36253
4.9962
1.66608
1.81433
5.03166
2.05682
1.59363
3.22142
1.5959
1.53209
2.94166
2.88067
2.95067
1.26119
0.910486
2.95045
-0.236172
0.722268
0.739993
2.10315
2.32914
-0.333885
1.01396
3.3344
1.30598
1.19759
-0.94705
1.69654
1.67208
1.45742
-0.232219
2.90894
-0.354105
2.93399
2.297
4.80535
0
-0.0047628
2.34869
1.57296
3.54177
0
0
0
1.95554
1.83881
2.73608
1.78156
2.69674
2.19703
2.94711
3.60792
0.839582
0
1.19519
2.28533
2.4106
0
1.38515
4.54846
0.865901
2.09445
2.0009
-0.617908
-0.483471
2.61308
1.15181
1.02037
1.46583
1.32184
4.03936
0
1.40723
1.28895
1.66015
0.457304
-0.515816
0
-0.523592
1.26493
-0.375707
-0.835521
1.21253
2.16253
1.27247
2.62226
2.11715
0.981249
3.68545
2.68586
3.17988
1.51599
-0.580606
1.77205
2.59336
2.35324
0.422098
1.39871
-0.0389493
1.07958
1.95762
-0.404801
2.36021
1.41717
0.607822
0
1.45954
0
1.38489
0
1.18481
2.67809
1.44912
1.71337
0
2.96912
1.0936
2.89453
1.73028
0.791225
1.66056
-0.416425
3.23052
0
1.8964
1.41181
1.58627
1.57803
3.89489
2.75999
0
2.50928
4.22223
0
2.87155
5.25095
1.24295
-0.622301
1.53586
-0.643015
0
0.782783
0
2.17889
-1.08771
2.42613
2.82068
1.51749
0
2.47942
1.60595
3.11086
3.18908
1.55125
-0.431424
-0.423118
0.558435
1.0262
2.53935
1.76533
1.74434
0
1.80915
2.19302
-0.554692
2.33189
4.22455
2.45227
1.51624
1.84924
2.31432
3.23388
2.70946
-0.306287
1.53317
-0.849635
0.646968
3.35046
1.15064
2.10866
2.27148
3.87958
2.3705
3.07063
0
3.77373
4.42089
-0.669333
1.37946
2.17127
0.641954
0.854482
1.39636
1.58501
0
0
4.17918
-0.896318
1.98006
1.11371
2.06237
0.933632
2.18988
1.52312
3.44301
2.54405
-0.289078
1.7946
0
0
0
3.6449
1.43902
2.66287
2.47971
1.3371
2.26676
-0.372228
2.66518
3.00094
1.85062
0.889032
-0.538334
3.51367
3.04046
2.06751
3.2091
3.01034
1.88401
2.89865
2.7811
-0.726546
3.51892
2.44902
2.06912
1.31322
1.21536
2.42642
3.82535
1.30514
3.76256
3.65547
1.13278
2.18419
-0.413825
4.15344
0
0
1.18207
2.35912
2.71617
-0.131084
2.09227
-0.805845
0.845313
-0.541439
0.966072
1.50674
1.48709
4.03337
-0.617379
3.08488
1.32862
1.30568
3.03729
1.95812
3.25321
0
0
0
2.1189
0
0
0
2.68224
1.78088
-0.804385
-0.575714
-1.84545
2.71792
2.61335
2.0135
2.10937
2.37878
0.19375
1.07877
-0.697131
-0.350921
-0.361792
3.79206
3.17184
2.66837
2.22993
2.73041
-0.457847
2.47881
1.89922
2.00156
1.86671
1.61535
1.9041
1.73588
1.62243
2.65598
1.39069
0
0
2.33074
1.35571
2.49036
3.32873
3.70091
4.35527
3.81859
4.42
0.844289
2.15965
2.91111
0
1.47924
1.82759
4.20564
2.58403
2.13077
2.23094
1.23761
2.96977
1.77071
-0.485625
1.25516
1.47711
0
1.2686
2.35298
3.08524
4.62698
0
2.62818
3.33937
0.517638
0
0
0
0
0
1.46255
1.16402
-0.410442
2.46217
1.16734
1.32837
0
0
1.49595
3.24714
-0.113452
0.151168
2.15796
0.453236
0
0
0
0
0
1.80763
-0.318568
2.00309
0.305486
-0.846815
3.69546
-0.439473
4.20784
0.904046
2.04557
1.13608
0.66299
0
1.42485
2.0158
2.1313
0
0.728678
1.47963
0.768134
1.07266
2.51537
4.36278
2.56981
2.85164
1.50498
0.732191
1.40513
2.42626
2.2135
2.53603
0.952247
0.715094
1.25523
0
0
2.52829
2.64169
0.865237
3.61402
3.9183
3.00445
2.67765
2.54705
1.77152
-0.681106
3.32969
3.38044
0.961649
2.05052
0.982176
2.20914
1.14879
0
5.183
-1.01356
3.82346
1.73719
-1.2989
1.19877
2.82091
1.67499
1.76137
1.53937
-0.327366
2.20162
1.49101
3.36107
0
2.1175
1.04745
1.67661
1.38241
1.39424
0.610676
2.63186
2.06612
0
0.000638808
0.80313
1.7578
-0.395043
1.00507
0.42853
3.35653
1.71542
1.40077
2.32866
3.15465
-0.285735
1.81425
2.13394
2.47531
0
3.43513
3.3798
1.86667
1.43889
2.15676
1.19325
4.82149
1.31331
1.22169
0.937391
1.91843
1.94801
1.52916
2.55336
2.56837
3.06322
3.42042
3.44658
4.58264
2.45484
2.65643
0
4.17522
2.89099
3.64952
1.96451
1.73684
1.28306
1.71884
0.45832
2.24137
0.485125
0.213365
2.1824
0.0860961
1.98965
0
0
0
2.09731
1.52258
3.72624
-1.17024
2.13679
1.70949
3.38117
0
0
1.92961
2.25419
1.63208
0
4.10095
0.886125
4.42732
0
3.25755
2.19537
3.71286
3.26875
-0.199956
0.537457
2.02392
1.27085
3.56596
1.33277
1.2506
1.39839
1.81166
1.32388
1.15078
4.37374
1.48694
2.8954
1.5967
1.41974
0
3.76581
2.43978
2.45495
2.61834
2.21914
-0.717634
1.34887
3.00469
1.78745
2.43074
1.02724
3.08932
0
0
1.04909
2.25853
3.53902
1.11902
0.711933
-1.16389
1.53632
3.56985
4.66123
2.48551
-0.580012
1.59569
2.29231
1.30451
1.15268
2.04093
1.60994
1.50899
2.09295
0.354234
1.87205
0.96522
1.72336
3.52483
0
0
0
1.10441
2.83745
1.72074
1.00766
2.2638
0.733091
2.08923
1.53704
0.75221
0.647649
-0.45777
1.8813
0.741538
2.03926
1.34414
3.38872
2.47843
-0.781349
4.36554
-0.437449
3.85181
2.32021
1.59898
2.90953
3.87968
2.05398
1.75117
1.01981
1.94322
1.52983
4.71802
-0.632495
3.54409
3.61032
0
3.14814
1.54176
2.10632
-0.712461
1.87478
2.85331
-0.827155
4.37013
1.9717
-0.835492
3.46165
3.90781
1.12345
1.26415
-0.636945
-0.0301911
3.06887
2.83512
2.94642
3.94145
1.98007
2.51492
-0.674876
1.21616
-0.404584
2.48761
1.90309
2.81267
2.89163
3.47034
1.15958
2.57513
1.63626
0
0
0
2.98933
2.0369
2.35591
-0.448196
1.95977
1.2721
0
0
1.66151
2.40508
0.879489
2.86972
-0.69047
2.89044
1.70181
3.86449
0.505608
3.19254
0.683313
0.904096
2.27431
3.33746
3.19897
3.82718
2.88821
-0.601599
2.00936
1.64226
1.78109
3.01344
-0.496379
1.29996
0.679347
2.9714
1.45825
2.00888
1.29002
2.16819
2.40223
1.70344
0.272321
1.96764
2.45239
