3.30778
5.0454
3.57674
3.79319
4.58382
3.36404
3.57674
2.38184
3.41497
3.61055
4.09216
3.57674
3.46021
3.38791
3.72197
3.57674
3.29679
3.28207
2.47664
2.58868
2.90264
3.18927
3.02946
3.23819
3.42309
3.57674
3.57674
5.08264
3.50937
3.49497
3.57674
4.05365
1.96568
3.59303
1.81432
3.09348
3.40599
4.01762
3.57674
3.51818
4.39316
3.66511
2.61537
4.00756
3.38238
3.57674
4.1415
3.17321
3.31105
4.20444
3.02911
3.57674
2.6594
3.86291
3.10213
2.83056
3.15645
3.80597
2.9603
3.57674
3.97403
4.79801
3.94402
2.7854
3.57674
3.23962
4.38838
3.36046
3.09965
3.78533
4.12222
4.07801
2.7803
4.32746
3.4198
4.33525
3.8913
4.19183
3.4187
4.20259
2.76241
2.99501
3.17383
2.60145
3.51927
3.57674
3.95438
3.57674
2.21676
4.27303
3.57674
4.12471
3.77428
2.72584
1.56162
3.93564
3.57674
3.57674
3.48253
1.68086
3.57674
2.69707
4.18719
2.54946
3.05216
3.96478
3.69627
4.50711
3.44488
3.4435
3.19758
2.67757
4.51878
3.96789
3.98804
3.37813
3.78603
3.57674
4.00201
2.37004
3.57674
3.71634
2.88433
4.2738
2.51155
3.57674
4.032
3.57674
3.38965
3.03485
2.2859
3.50713
1.25844
4.4985
3.89374
3.50579
3.8958
1.57678
2.25828
3.44834
4.10627
3.59167
3.35553
1.01111
4.81382
4.17786
4.31975
3.57674
3.8913
2.57454
3.57674
3.29189
3.38918
2.90603
4.74706
3.57674
3.35358
3.91797
3.02716
2.68375
2.68471
3.57674
3.34925
4.26039
4.63299
2.35254
3.99678
3.62489
3.84293
3.34029
3.6475
3.03379
5.43225
4.45746
5.45604
3.31796
3.73603
3.57674
3.57674
3.05874
3.52704
2.82616
3.69589
3.01069
4.82532
4.40404
3.90837
3.12855
3.30671
3.57674
3.52163
2.36965
3.56712
2.90487
3.61234
2.92321
2.67922
2.58667
2.2474
3.37228
3.9006
3.28207
3.52995
4.30853
2.8727
4.10206
2.58185
4.03315
3.28042
2.986
3.20582
3.50491
3.4243
3.66573
4.04625
3.27681
3.94777
3.69966
4.71703
2.76707
3.4247
3.71881
2.53033
3.57674
3.46785
3.11184
4.50847
3.54951
3.57674
0.780637
3.28134
3.31548
1.63807
3.45186
2.83909
3.38792
3.42047
2.93345
4.23007
3.90584
3.41854
3.30026
3.97872
3.59879
3.57674
3.70457
1.80649
3.46891
3.21001
3.17519
3.92817
4.82453
2.98529
3.2511
3.57674
2.60073
3.21497
4.06936
4.47152
3.57674
3.66706
3.66373
3.17831
4.14732
3.65732
4.45475
3.7571
4.02392
3.57674
3.57674
4.61224
2.35197
3.77986
3.47658
3.28516
4.0301
4.47488
2.25722
3.26102
3.31802
3.57674
2.13001
2.95046
3.86771
4.20632
4.61985
3.22289
3.26156
3.11295
3.97502
3.60857
3.57674
4.30226
3.37881
1.88753
1.92128
3.96369
4.23668
3.57674
3.64609
2.41925
3.21178
3.49859
4.28571
3.12946
3.57674
2.93285
2.73952
3.55293
3.11632
3.62966
2.98402
4.00111
1.61002
4.32978
4.12855
2.90579
3.78242
3.63422
2.66527
2.64771
4.67629
3.71076
3.9905
3.57545
3.77096
3.45627
3.49885
2.56714
2.52227
3.5347
3.99293
2.65188
2.80061
3.02898
3.57674
2.02069
3.22306
3.55757
4.22681
4.21088
2.85109
3.57674
3.57674
2.89825
5.2444
3.25508
3.57674
3.67286
4.12285
3.66474
4.15732
3.54889
4.76618
3.57674
3.44188
4.49126
3.35209
3.84133
3.43364
3.83981
2.20289
3.53284
2.60444
3.50549
3.34095
3.62555
3.33219
3.38416
3.57674
3.57674
3.28446
4.18065
3.17568
2.47419
3.48175
4.49327
2.61162
4.30687
3.76385
4.26847
3.49455
3.75072
3.80721
3.03704
2.02882
3.10717
3.57674
3.53254
3.57674
3.57674
4.39826
2.18392
2.24851
3.47065
3.89434
3.41242
3.75647
3.57674
3.30802
3.70798
3.64662
3.57674
3.57674
3.39287
2.22117
4.03764
4.70205
3.82186
2.8083
3.60558
2.72775
4.01086
5.04946
3.3471
4.47592
4.30711
3.51181
3.76784
3.60305
3.19227
4.49856
4.86508
5.3813
4.07643
3.57674
4.22952
3.53005
2.76914
3.75308
3.48339
3.57674
3.88355
3.59372
2.3535
4.24142
3.31053
3.95491
4.52392
2.36105
3.23076
3.69156
3.36529
2.55554
2.8689
3.7364
3.85051
4.05252
3.32903
4.64975
3.82602
3.66411
2.93385
3.18732
3.28184
3.43001
3.08465
2.253
3.57674
2.1393
3.28791
3.05008
3.53837
3.97446
3.00561
2.37459
3.52456
3.84579
3.57674
3.59874
3.70931
2.91649
3.57674
2.66629
3.57674
3.57674
2.80012
5.0132
2.74197
3.16329
3.00946
4.56801
3.36968
3.32626
4.66631
3.57674
3.38052
3.31997
3.84604
3.12198
2.54251
1.67721
4.73613
3.122
4.20999
3.91425
3.79905
2.98744
3.21195
3.28239
3.57674
3.57674
3.30985
3.57674
3.53822
3.57674
3.61559
4.1914
2.99742
4.17071
3.39799
4.03741
3.62532
3.94738
2.92001
2.8905
2.52026
3.80247
2.88655
2.15397
3.79278
4.07351
4.12913
3.92744
3.22557
3.75646
4.39706
3.37204
1.689
3.84037
3.44416
3.74812
3.9335
1.94757
4.52187
4.75436
3.51985
2.84364
3.57674
2.93683
3.66553
3.60832
2.58259
4.38279
2.20227
4.31315
3.64561
1.99477
2.73493
3.03747
3.57674
3.86166
3.57674
2.43647
4.28244
4.05776
4.36455
3.87506
4.36021
3.7764
3.06413
3.46034
3.33565
4.18428
1.83958
4.2107
4.13594
3.37061
4.66305
2.47821
3.94572
2.70117
3.69045
3.80857
4.11587
1.89652
2.97235
3.00098
3.82345
3.59371
3.57674
2.65927
4.83941
3.46366
2.87732
2.16659
3.45172
3.40119
3.6516
2.73215
3.0594
4.55308
3.28751
2.62714
2.40219
4.43017
3.83936
3.34192
3.78193
3.68299
3.22905
3.57674
2.63267
2.36265
3.88492
3.18029
3.91278
3.57674
4.51774
2.39695
4.33481
4.26968
3.32731
3.77645
0.823868
3.78346
4.48976
2.997
3.51865
3.3781
3.68482
2.74503
3.1739
3.56929
4.03608
3.15338
3.45416
2.64401
3.57674
3.71527
1.86426
2.07852
3.92886
2.19667
2.87653
3.29528
3.99811
4.08913
4.28058
3.93183
4.28996
3.16242
1.80025
2.50264
3.57674
3.59322
4.01556
4.72746
4.1909
3.76673
3.57674
3.73849
3.8564
3.57674
2.12769
4.00487
2.99495
2.93445
3.57674
2.24742
3.57674
2.88217
4.84569
3.29003
4.32587
4.28753
1.94226
3.73406
3.77617
3.04449
2.6611
4.23286
4.35955
2.31483
3.85883
4.67769
5.01666
1.57607
3.18411
1.26272
3.57674
3.80606
3.04298
4.69073
2.86835
3.86099
3.65191
3.10571
4.63636
3.9152
2.81024
2.41232
4.33319
2.63592
2.76923
3.57674
2.95027
3.61408
3.57674
2.77374
4.35963
4.11907
2.61759
5.12038
3.2127
2.72047
2.91476
4.02618
2.70081
4.11677
4.06665
3.2066
3.87228
3.61915
2.85897
3.33323
3.30147
4.48015
3.92267
3.61437
2.88373
3.90287
4.09695
3.63171
3.71934
3.98438
4.45832
3.2601
4.5133
4.57399
3.57674
3.14887
3.15927
2.53618
3.56595
3.58214
3.14443
3.96858
3.57674
4.58735
3.63448
3.58784
3.57674
2.655
3.44526
2.83222
2.95312
3.06025
2.64697
3.12923
2.93737
3.016
3.34079
2.3742
3.57674
3.30449
3.79991
3.074
4.91172
3.4218
3.26042
3.57674
3.26958
3.57674
4.38025
3.91639
3.77974
3.57674
2.73147
4.45584
4.44287
3.57674
4.00392
3.61841
3.64225
3.67121
3.57674
4.83502
2.37888
4.2812
3.57674
4.7901
4.09987
3.04246
3.71683
4.70915
2.82856
4.11079
2.23055
3.98817
2.76621
3.90373
2.77691
4.42755
